[gd_scene load_steps=6 format=3 uid="uid://5h6uouxyyc4f"]

[ext_resource type="Script" path="res://Characters/PlayerCharacter/PlayerCharacter.gd" id="1_485if"]
[ext_resource type="PackedScene" uid="uid://bv4wsqn5unw68" path="res://Level/CharacterSelection/mage.tscn" id="1_lx5eq"]
[ext_resource type="PackedScene" uid="uid://cxvd1nk22r7e" path="res://Characters/PlayerCharacter/camera_controller.tscn" id="2_2r7ub"]
[ext_resource type="PackedScene" uid="uid://c2hf4qkol6lyl" path="res://Characters/PlayerCharacter/gun.tscn" id="3_p321f"]

[sub_resource type="CapsuleShape3D" id="CapsuleShape3D_iyt7g"]

[node name="PlayerCharacter" type="CharacterBody3D" groups=["player"]]
collision_layer = 2
collision_mask = 5
script = ExtResource("1_485if")

[node name="Mage" parent="." instance=ExtResource("1_lx5eq")]
transform = Transform3D(-4.37114e-08, 0, 1, 0, 1, 0, -1, 0, -4.37114e-08, 0, 0, 0)

[node name="Skeleton3D" parent="Mage/Rig" index="0"]
bones/0/rotation = Quaternion(0, 1.19209e-07, 0, 1)
bones/1/rotation = Quaternion(-1.11123e-10, 0.0431578, 2.57241e-09, 0.999068)
bones/2/rotation = Quaternion(-6.93889e-18, 7.10543e-15, 4.93038e-32, 1)
bones/3/rotation = Quaternion(8.27181e-25, 3.72529e-09, 0, 1)
bones/4/position = Vector3(0.212007, 0.134132, 8.40246e-08)
bones/4/rotation = Quaternion(-0.559906, -0.0608804, -0.643974, 0.517779)
bones/5/rotation = Quaternion(3.65498e-08, -4.88301e-08, -0.494719, 0.869053)
bones/7/rotation = Quaternion(-0.321065, -0.325319, 0.145726, 0.87741)
bones/8/position = Vector3(8.34843e-10, 0.0961252, -0.0575)
bones/8/rotation = Quaternion(-3.6586e-09, 6.87811e-09, -0.707107, 0.707107)
bones/11/position = Vector3(-0.212007, 0.134132, 8.40246e-08)
bones/11/rotation = Quaternion(-0.618244, 0.0807286, 0.618012, 0.478873)
bones/12/rotation = Quaternion(2.09853e-08, 5.12855e-08, 0.517939, 0.855417)
bones/14/rotation = Quaternion(-0.319291, 0.300524, -0.22735, 0.869512)
bones/15/position = Vector3(-1.5736e-08, 0.0961251, -0.0575)
bones/15/rotation = Quaternion(-1.02444e-09, -4.24391e-09, 0.707107, 0.707107)
bones/18/rotation = Quaternion(-5.80608e-11, -0.0313417, -1.88012e-09, 0.999509)
bones/21/position = Vector3(0.170945, 0.113587, 1.39233e-08)
bones/21/rotation = Quaternion(0.993715, 0.0837146, 0.0735038, 0.0109185)
bones/22/rotation = Quaternion(0.195602, 6.26228e-08, -1.32239e-07, 0.980683)
bones/23/rotation = Quaternion(-0.517564, -0.209497, 0.0436549, 0.828452)
bones/24/rotation = Quaternion(-3.04791e-08, 0.920355, -0.391084, 6.94848e-08)
bones/25/position = Vector3(-0.170945, 0.113587, 1.55755e-08)
bones/25/rotation = Quaternion(0.997322, -0.0294574, 0.0315293, 0.0590483)
bones/26/rotation = Quaternion(0.274008, -6.38135e-08, 1.92761e-07, 0.961727)
bones/27/rotation = Quaternion(-0.559039, 0.114513, -0.00862764, 0.82115)
bones/28/rotation = Quaternion(3.04791e-08, 0.920355, -0.391084, -6.94849e-08)
bones/29/position = Vector3(0.170945, 0.29231, 0.575812)
bones/29/rotation = Quaternion(0.707107, -2.29302e-07, -4.60552e-08, 0.707107)
bones/30/rotation = Quaternion(-0.707107, -7.05285e-08, -7.05285e-08, 0.707107)
bones/31/position = Vector3(1.94581e-08, 0.362833, -2.42861e-15)
bones/31/rotation = Quaternion(9.65792e-09, 1.77955e-09, 0.985719, -0.168398)
bones/32/position = Vector3(-1.11482e-08, 0.213436, -2.50942e-15)
bones/32/rotation = Quaternion(-1.04035e-07, 0.391084, 0.920355, -2.9526e-08)
bones/33/position = Vector3(8.58988e-09, 0.16565, -5.09137e-09)
bones/34/rotation = Quaternion(1, -2.33136e-09, 1.99777e-07, -1.34211e-15)
bones/36/position = Vector3(-0.170945, 0.29231, 0.575812)
bones/36/rotation = Quaternion(0.707107, -3.82385e-08, 1.45009e-07, 0.707107)
bones/37/position = Vector3(-0.170945, 0.0259903, 0.245789)
bones/37/rotation = Quaternion(-0.707107, -7.05285e-08, -7.05285e-08, 0.707107)
bones/38/position = Vector3(1.94581e-08, 0.362833, 2.42861e-15)
bones/38/rotation = Quaternion(-5.83589e-09, 6.43837e-10, 0.994809, 0.101756)
bones/39/position = Vector3(3.75294e-09, 0.213436, 0)
bones/39/rotation = Quaternion(-1.04035e-07, 0.391084, 0.920355, -2.95261e-08)
bones/40/position = Vector3(-6.31128e-09, 0.16565, 1.36608e-09)
bones/41/rotation = Quaternion(1, 4.44086e-16, 1.94707e-07, 6.91739e-22)
bones/43/position = Vector3(0.453507, 1.10676, -0.588859)
bones/43/rotation = Quaternion(-0.707107, -7.27951e-08, -7.27951e-08, 0.707107)
bones/44/rotation = Quaternion(0.794627, -1.2666e-07, 0.607098, -5.96046e-08)
bones/45/position = Vector3(-0.453507, 1.10676, -0.58886)
bones/45/rotation = Quaternion(-0.707107, -7.27951e-08, -7.27951e-08, 0.707107)
bones/46/rotation = Quaternion(-0.758253, -1.82539e-07, 0.651961, -1.11759e-08)

[node name="Spellbook" parent="Mage/Rig/Skeleton3D" index="0"]
transform = Transform3D(3.33791e-07, 0.964832, 0.262864, -0.999999, 8.21379e-07, -3.5482e-07, -9.31026e-07, -0.262864, 0.964832, 0.577621, 0.636705, 0.237873)

[node name="Spellbook_open" parent="Mage/Rig/Skeleton3D" index="1"]
transform = Transform3D(3.33791e-07, 0.964832, 0.262864, -0.999999, 8.21379e-07, -3.5482e-07, -9.31026e-07, -0.262864, 0.964832, 0.545985, 0.636705, 0.121754)

[node name="1H_Wand" parent="Mage/Rig/Skeleton3D" index="2"]
transform = Transform3D(3.47646e-07, -0.149894, 0.988701, 0.999999, -1.07008e-06, -8.34465e-07, 1.51411e-06, 0.988701, 0.149894, -0.491061, 0.64103, 0.106596)

[node name="2H_Staff" parent="Mage/Rig/Skeleton3D" index="3"]
transform = Transform3D(3.47646e-07, -0.149894, 0.988701, 0.999999, -1.07008e-06, -8.34465e-07, 1.51411e-06, 0.988701, 0.149894, -0.491061, 0.64103, 0.106596)

[node name="Mage_Hat" parent="Mage/Rig/Skeleton3D" index="4"]
transform = Transform3D(0.99972, -0.00612025, 0.0228411, 1.39343e-09, 0.965926, 0.258819, -0.0236468, -0.258747, 0.965656, -7.48423e-09, 1.7705, -1.02479e-07)

[node name="Mage_Cape" parent="Mage/Rig/Skeleton3D" index="5"]
transform = Transform3D(0.996275, -5.14962e-09, 0.0862354, 5.13044e-09, 1, 4.44078e-10, -0.0862354, 1.44986e-15, 0.996275, -1.2997e-08, 1.20227, -1.01951e-07)

[node name="CollisionShape3D" type="CollisionShape3D" parent="."]
transform = Transform3D(1.1, 0, 0, 0, 1.1, 0, 0, 0, 1.1, 0, 0.989008, 0)
shape = SubResource("CapsuleShape3D_iyt7g")

[node name="Camera_controller" parent="." instance=ExtResource("2_2r7ub")]
transform = Transform3D(1, 0, 0, 0, 1, 0, 0, 0, 1, 0.534622, 7.19159, 0.566811)

[node name="Camera3D" parent="Camera_controller/Camera_target" index="0"]
transform = Transform3D(1, 0, 0, 0, 0.990885, -0.134713, 0, 0.134713, 0.990885, 0.137051, -1.10393, 9.74168)

[node name="Gun" parent="." instance=ExtResource("3_p321f")]
transform = Transform3D(1, 0, 0, 0, 1, 0, 0, 0, 1, 0.495131, 1.03348, 0.265625)

[node name="RayCast3D" parent="Gun" index="0"]
collision_mask = 5

[node name="Timer" type="Timer" parent="."]
wait_time = 0.066

[node name="PetFollowPoint" type="Marker3D" parent="."]
transform = Transform3D(1, 0, 0, 0, 1, 0, 0, 0, 1, -1.45144, 0, 0)

[editable path="Mage"]
[editable path="Camera_controller"]
[editable path="Gun"]
[editable path="Gun/Pistola"]
