[gd_scene load_steps=8 format=3 uid="uid://ds4a1iq4nyqoi"]

[ext_resource type="Script" path="res://Level/CharacterSelection/Scripts/character_selection.gd" id="1_cedm5"]
[ext_resource type="PackedScene" uid="uid://d2j3rrddgud87" path="res://Level/CharacterSelection/barbarian.tscn" id="2_jsfq4"]
[ext_resource type="PackedScene" uid="uid://bv4wsqn5unw68" path="res://Level/CharacterSelection/mage.tscn" id="3_y21k7"]
[ext_resource type="PackedScene" uid="uid://c7h16cwge2g68" path="res://Level/CharacterSelection/knight.tscn" id="4_yqyeu"]
[ext_resource type="PackedScene" uid="uid://c4b5quejh5oqb" path="res://Level/CharacterSelection/ranger.tscn" id="5_iujpc"]

[sub_resource type="Environment" id="Environment_85nh2"]
sdfgi_enabled = true
volumetric_fog_enabled = true
volumetric_fog_albedo = Color(0.54902, 0.560784, 0.6, 1)

[sub_resource type="PlaneMesh" id="PlaneMesh_fpyfv"]
size = Vector2(10, 10)

[node name="CharacterSelection" type="Node3D"]
script = ExtResource("1_cedm5")

[node name="Characters" type="Node" parent="."]

[node name="Mage" parent="Characters" instance=ExtResource("3_y21k7")]
transform = Transform3D(1, 0, 0, 0, 1, 0, 0, 0, 1, -3.47999, 0, 0)

[node name="Skeleton3D" parent="Characters/Mage/Rig" index="0"]
bones/0/rotation = Quaternion(0, 1.19209e-07, 0, 1)
bones/2/rotation = Quaternion(-6.93889e-18, 7.10543e-15, 4.93038e-32, 1)
bones/3/rotation = Quaternion(8.27181e-25, 3.72529e-09, 0, 1)
bones/4/position = Vector3(0.212007, 0.134132, 8.40246e-08)
bones/4/rotation = Quaternion(-0.559906, -0.0608804, -0.643974, 0.517779)
bones/8/position = Vector3(8.34815e-10, 0.0961251, -0.0575001)
bones/8/rotation = Quaternion(1.60975e-09, 1.60975e-09, -0.707107, 0.707107)
bones/11/position = Vector3(-0.212007, 0.134132, 8.40246e-08)
bones/11/rotation = Quaternion(-0.618244, 0.0807286, 0.618012, 0.478873)
bones/15/position = Vector3(-8.34815e-10, 0.0961251, -0.0575001)
bones/21/position = Vector3(0.170945, 0.113587, 1.39233e-08)
bones/21/rotation = Quaternion(0.996186, 0.0479136, 0.0566427, -0.045939)
bones/22/rotation = Quaternion(0.165014, 6.49414e-08, -1.11407e-07, 0.986291)
bones/23/rotation = Quaternion(-0.533729, -0.260895, -1.72985e-05, 0.804405)
bones/24/rotation = Quaternion(-3.04791e-08, 0.920355, -0.391084, 6.94848e-08)
bones/25/position = Vector3(-0.170945, 0.113587, 1.39233e-08)
bones/27/rotation = Quaternion(-0.559039, 0.114513, -0.00862764, 0.82115)
bones/29/position = Vector3(0.170945, 0.29231, 0.575812)
bones/30/position = Vector3(0.213918, 0.0259903, 0.173866)
bones/30/rotation = Quaternion(-0.705092, 0.0533355, 0.0533355, 0.705092)
bones/31/position = Vector3(1.94581e-08, 0.362833, -2.42861e-15)
bones/32/position = Vector3(-1.11482e-08, 0.213436, -2.50942e-15)
bones/33/position = Vector3(8.58988e-09, 0.16565, -5.09137e-09)
bones/36/position = Vector3(-0.170945, 0.29231, 0.575812)
bones/37/position = Vector3(-0.170945, 0.0259903, 0.245789)
bones/38/position = Vector3(1.94581e-08, 0.362833, 2.42861e-15)
bones/39/position = Vector3(3.75294e-09, 0.213436, 0)
bones/40/position = Vector3(-6.31128e-09, 0.16565, 1.36608e-09)
bones/41/rotation = Quaternion(1, 4.44086e-16, 1.94707e-07, 6.91739e-22)
bones/43/position = Vector3(0.453507, 1.10676, -0.588859)
bones/43/rotation = Quaternion(-0.707107, -7.27951e-08, -7.27951e-08, 0.707107)
bones/44/rotation = Quaternion(0.794627, -1.2666e-07, 0.607098, -5.96046e-08)
bones/45/position = Vector3(-0.453507, 1.10676, -0.58886)
bones/45/rotation = Quaternion(-0.707107, -7.27951e-08, -7.27951e-08, 0.707107)
bones/46/rotation = Quaternion(-0.758253, -1.82539e-07, 0.651961, -1.11759e-08)

[node name="Spellbook" parent="Characters/Mage/Rig/Skeleton3D" index="0"]
transform = Transform3D(4.53e-07, 0.964832, 0.262864, -0.999999, 9.10786e-07, -4.44227e-07, -7.82014e-07, -0.262865, 0.964832, 0.577621, 0.636705, 0.237873)

[node name="Spellbook_open" parent="Characters/Mage/Rig/Skeleton3D" index="1"]
transform = Transform3D(4.53e-07, 0.964832, 0.262864, -0.999999, 9.10786e-07, -4.44227e-07, -7.82014e-07, -0.262865, 0.964832, 0.545985, 0.636705, 0.121754)

[node name="1H_Wand" parent="Characters/Mage/Rig/Skeleton3D" index="2"]
transform = Transform3D(2.88042e-07, -0.149894, 0.988701, 0.999999, -1.09988e-06, -7.7486e-07, 1.46941e-06, 0.988701, 0.149894, -0.49106, 0.64103, 0.106596)

[node name="2H_Staff" parent="Characters/Mage/Rig/Skeleton3D" index="3"]
transform = Transform3D(2.88042e-07, -0.149894, 0.988701, 0.999999, -1.09988e-06, -7.7486e-07, 1.46941e-06, 0.988701, 0.149894, -0.49106, 0.64103, 0.106596)

[node name="Mage_Hat" parent="Characters/Mage/Rig/Skeleton3D" index="4"]
transform = Transform3D(0.99972, -0.00612025, 0.0228411, 1.39343e-09, 0.965926, 0.258819, -0.0236468, -0.258747, 0.965656, -7.48423e-09, 1.7705, -1.02479e-07)

[node name="Mage_Cape" parent="Characters/Mage/Rig/Skeleton3D" index="5"]
transform = Transform3D(0.996275, -5.14962e-09, 0.0862354, 5.13044e-09, 1, 4.44078e-10, -0.0862354, 1.46374e-15, 0.996275, -1.2997e-08, 1.20227, -1.01951e-07)

[node name="Knight" parent="Characters" instance=ExtResource("4_yqyeu")]
transform = Transform3D(1, 0, 0, 0, 1, 0, 0, 0, 1, -1.0739, 2.38419e-07, -0.0347266)

[node name="1H_Sword_Offhand" parent="Characters/Knight/Rig/Skeleton3D" index="0"]
transform = Transform3D(-1.22489e-07, 0.262864, 0.964832, 0.999999, -4.44227e-07, 5.68229e-07, 6.91968e-07, 0.964832, -0.262865, 0.51224, 0.636705, -0.0021077)

[node name="Badge_Shield" parent="Characters/Knight/Rig/Skeleton3D" index="1"]
transform = Transform3D(-1.0007e-07, 0.262864, 0.964832, 0.999999, -2.97941e-06, 1.23569e-06, 3.31345e-06, 0.964832, -0.262864, 0.662643, 0.636705, -0.0430844)

[node name="Rectangle_Shield" parent="Characters/Knight/Rig/Skeleton3D" index="2"]
transform = Transform3D(-1.0007e-07, 0.262864, 0.964832, 0.999999, -2.97941e-06, 1.23569e-06, 3.31345e-06, 0.964832, -0.262864, 0.662643, 0.636705, -0.0430844)

[node name="Round_Shield" parent="Characters/Knight/Rig/Skeleton3D" index="3"]
transform = Transform3D(-1.0007e-07, 0.262864, 0.964832, 0.999999, -2.97941e-06, 1.23569e-06, 3.31345e-06, 0.964832, -0.262864, 0.662643, 0.636705, -0.0430844)

[node name="Spike_Shield" parent="Characters/Knight/Rig/Skeleton3D" index="4"]
transform = Transform3D(-1.0007e-07, 0.262864, 0.964832, 0.999999, -2.97941e-06, 1.23569e-06, 3.31345e-06, 0.964832, -0.262864, 0.662643, 0.636705, -0.0430844)

[node name="1H_Sword" parent="Characters/Knight/Rig/Skeleton3D" index="5"]
transform = Transform3D(2.88042e-07, -0.149894, 0.988701, 0.999999, -1.09988e-06, -7.7486e-07, 1.46941e-06, 0.988701, 0.149894, -0.496053, 0.64103, 0.139528)

[node name="2H_Sword" parent="Characters/Knight/Rig/Skeleton3D" index="6"]
transform = Transform3D(2.72302e-07, -0.149894, 0.988701, 0.999999, -1.11461e-06, -7.61174e-07, 1.48192e-06, 0.988701, 0.149894, -0.496053, 0.64103, 0.139528)

[node name="Knight_Helmet" parent="Characters/Knight/Rig/Skeleton3D" index="7"]
transform = Transform3D(0.99972, -1.40145e-09, 0.0236468, 1.39343e-09, 1, 3.55687e-10, -0.0236468, -3.22638e-10, 0.99972, 4.69869e-07, 1.20229, -1.19779e-07)

[node name="Knight_Cape" parent="Characters/Knight/Rig/Skeleton3D" index="8"]
transform = Transform3D(0.996275, -5.14962e-09, 0.0862354, 5.13044e-09, 1, 4.44078e-10, -0.0862354, 1.46374e-15, 0.996275, -1.63023e-08, 1.20229, -1.40136e-07)

[node name="Barbarian" parent="Characters" instance=ExtResource("2_jsfq4")]
transform = Transform3D(1, 0, 0, 0, 1, 0, 0, 0, 1, 1.2638, 0, 0)

[node name="Ranger" parent="Characters" instance=ExtResource("5_iujpc")]
transform = Transform3D(1, 0, 0, 0, 1, 0, 0, 0, 1, 3.68239, 0, 0)

[node name="Camera3D" type="Camera3D" parent="."]
transform = Transform3D(1, 0, 0, 0, 0.991669, 0.128813, 0, -0.128813, 0.991669, 0, 2.60759, 7.14827)

[node name="WorldEnvironment" type="WorldEnvironment" parent="."]
environment = SubResource("Environment_85nh2")

[node name="MeshInstance3D" type="MeshInstance3D" parent="."]
mesh = SubResource("PlaneMesh_fpyfv")

[node name="DirectionalLight3D" type="DirectionalLight3D" parent="."]
transform = Transform3D(1, 0, 0, 0, 0.897235, 0.441553, 0, -0.441553, 0.897235, 0, 2.30637, 5.25753)

[node name="MarginContainer" type="MarginContainer" parent="."]
anchors_preset = 15
anchor_right = 1.0
anchor_bottom = 1.0
grow_horizontal = 2
grow_vertical = 2
theme_override_constants/margin_left = 12
theme_override_constants/margin_top = 12
theme_override_constants/margin_right = 12
theme_override_constants/margin_bottom = 12

[node name="VBoxContainer" type="VBoxContainer" parent="MarginContainer"]
layout_mode = 2
theme_override_constants/separation = 32

[node name="Control" type="Control" parent="MarginContainer/VBoxContainer"]
layout_mode = 2

[node name="CharacterLabel" type="Label" parent="MarginContainer/VBoxContainer"]
layout_mode = 2
theme_override_font_sizes/font_size = 50
text = "Elige a tu Campeón"
horizontal_alignment = 1
vertical_alignment = 1

[node name="HBoxContainer" type="HBoxContainer" parent="MarginContainer"]
layout_mode = 2
alignment = 1

[node name="VBoxContainer" type="VBoxContainer" parent="MarginContainer/HBoxContainer"]
layout_mode = 2
theme_override_constants/separation = 32
alignment = 2

[node name="Selection" type="Button" parent="MarginContainer/HBoxContainer/VBoxContainer"]
custom_minimum_size = Vector2(150, 50)
layout_mode = 2
text = "Start"

[node name="Control" type="Control" parent="MarginContainer/HBoxContainer/VBoxContainer"]
layout_mode = 2

[connection signal="pressed" from="MarginContainer/HBoxContainer/VBoxContainer/Selection" to="." method="_on_selection_pressed"]

[editable path="Characters/Mage"]
[editable path="Characters/Knight"]
